threshold,fold,num_train,num_unlabeled,num_test,precision:under30,precision:over30,    recall:under30,recall:over30,F_score:under30,F_score:over30,support:under30,support:over30,    precision_mean,recall,F_score_mean,num_of_labeledUnlabeled
0.75,0,75,100,480,0.6,0.657894736842,0.58064516129,0.675675675676,0.590163934426,0.666666666667,31,37,0.628947368421,0.628160418483,0.628415300546,32
0.75,1,75,100,480,0.703703703704,0.516129032258,0.558823529412,0.666666666667,0.622950819672,0.581818181818,34,24,0.609916367981,0.612745098039,0.602384500745,42
0.75,2,75,100,480,0.666666666667,0.64,0.5,0.780487804878,0.571428571429,0.703296703297,36,41,0.653333333333,0.640243902439,0.637362637363,23
0.75,3,75,100,480,0.621621621622,0.705882352941,0.821428571429,0.461538461538,0.707692307692,0.558139534884,28,26,0.663751987281,0.641483516484,0.632915921288,46
0.75,4,75,100,480,0.758620689655,0.705882352941,0.6875,0.774193548387,0.72131147541,0.738461538462,32,31,0.732251521298,0.730846774194,0.729886506936,37
0.8,0,75,100,480,0.833333333333,0.851851851852,0.897435897436,0.766666666667,0.864197530864,0.80701754386,39,30,0.842592592593,0.832051282051,0.835607537362,31
0.8,1,75,100,480,0.896551724138,0.818181818182,0.928571428571,0.75,0.912280701754,0.782608695652,28,12,0.85736677116,0.839285714286,0.847444698703,60
0.8,2,75,100,480,0.767441860465,0.833333333333,0.891891891892,0.666666666667,0.825,0.740740740741,37,30,0.800387596899,0.779279279279,0.78287037037,33
0.8,3,75,100,480,0.666666666667,0.774193548387,0.695652173913,0.75,0.68085106383,0.761904761905,23,32,0.720430107527,0.722826086957,0.721377912867,45
0.8,4,75,100,480,0.638888888889,0.785714285714,0.793103448276,0.628571428571,0.707692307692,0.698412698413,29,35,0.712301587302,0.710837438424,0.703052503053,36
0.85,0,75,100,480,0.6,0.8,0.75,0.666666666667,0.666666666667,0.727272727273,4,6,0.7,0.708333333333,0.69696969697,90
0.85,1,75,100,480,0.666666666667,0.689655172414,0.666666666667,0.689655172414,0.666666666667,0.689655172414,27,29,0.67816091954,0.67816091954,0.67816091954,44
0.85,2,75,100,480,0.694444444444,0.772727272727,0.833333333333,0.607142857143,0.757575757576,0.68,30,28,0.733585858586,0.720238095238,0.718787878788,42
0.85,3,75,100,480,1.0,0.928571428571,0.833333333333,1.0,0.909090909091,0.962962962963,6,13,0.964285714286,0.916666666667,0.936026936027,81
0.85,4,75,100,480,0.742857142857,0.75,0.764705882353,0.727272727273,0.753623188406,0.738461538462,34,33,0.746428571429,0.745989304813,0.746042363434,33
0.75,0,75,300,480,0.666666666667,0.678571428571,0.656488549618,0.688405797101,0.661538461538,0.68345323741,131,138,0.672619047619,0.67244717336,0.672495849474,31
0.75,1,75,300,480,0.714285714286,0.762295081967,0.77519379845,0.699248120301,0.743494423792,0.729411764706,129,133,0.738290398126,0.737220959375,0.736453094249,38
0.75,2,75,300,480,0.7265625,0.729323308271,0.720930232558,0.734848484848,0.72373540856,0.732075471698,129,132,0.727942904135,0.727889358703,0.727905440129,39
0.75,3,75,300,480,0.625766871166,0.685714285714,0.755555555556,0.541353383459,0.684563758389,0.605042016807,135,133,0.65574057844,0.648454469507,0.644802887598,32
0.75,4,75,300,480,0.631284916201,0.757281553398,0.81884057971,0.541666666667,0.712933753943,0.631578947368,138,144,0.6942832348,0.680253623188,0.672256350656,18
0.85,0,75,300,480,0.705882352941,0.713235294118,0.648648648649,0.763779527559,0.676056338028,0.737642585551,111,127,0.709558823529,0.706214088104,0.70684946179,62
0.85,1,75,300,480,0.664335664336,0.808219178082,0.871559633028,0.551401869159,0.753968253968,0.655555555556,109,107,0.736277421209,0.711480751093,0.704761904762,84
0.85,2,75,300,480,0.732142857143,0.757575757576,0.77358490566,0.714285714286,0.752293577982,0.735294117647,106,105,0.744859307359,0.743935309973,0.743793847814,89
0.85,3,75,300,480,0.720720720721,0.772151898734,0.816326530612,0.663043478261,0.765550239234,0.713450292398,98,92,0.746436309727,0.739685004437,0.739500265816,110
0.85,4,75,300,480,0.833333333333,0.804347826087,0.625,0.925,0.714285714286,0.860465116279,24,40,0.81884057971,0.775,0.787375415282,236
0.75,0,75,600,480,0.755274261603,0.692307692308,0.641577060932,0.795053003534,0.693798449612,0.740131578947,279,283,0.723790976956,0.718315032233,0.71696501428,38
0.75,1,75,600,480,0.644688644689,0.654545454545,0.649446494465,0.649819494585,0.647058823529,0.652173913043,271,277,0.649617049617,0.649632994525,0.649616368286,52
0.75,2,75,600,480,0.706586826347,0.813953488372,0.855072463768,0.641025641026,0.773770491803,0.717213114754,276,273,0.76027015736,0.748049052397,0.745491803279,51
0.75,3,75,600,480,0.736263736264,0.732441471572,0.715302491103,0.752577319588,0.725631768953,0.742372881356,281,291,0.734352603918,0.733939905345,0.734002325155,28
0.75,4,75,600,480,0.679611650485,0.714876033058,0.752688172043,0.636029411765,0.714285714286,0.673151750973,279,272,0.697243841772,0.694358791904,0.693718732629,49
0.8,0,75,600,480,0.687074829932,0.736607142857,0.773946360153,0.642023346304,0.727927927928,0.686070686071,261,257,0.711840986395,0.707984853228,0.706999306999,82
0.8,1,75,600,480,0.630573248408,0.764367816092,0.828451882845,0.534136546185,0.71609403255,0.628841607565,239,249,0.69747053225,0.681294214515,0.672467820057,112
0.8,2,75,600,480,0.660606060606,0.748603351955,0.828897338403,0.544715447154,0.735244519393,0.630588235294,263,246,0.704604706281,0.686806392779,0.682916377344,91
0.8,3,75,600,480,0.734439834025,0.706349206349,0.705179282869,0.735537190083,0.719512195122,0.720647773279,251,242,0.720394520187,0.720358236476,0.720079984201,107
0.8,4,75,600,480,0.672077922078,0.730392156863,0.790076335878,0.596,0.726315789474,0.656387665198,262,250,0.70123503947,0.693038167939,0.691351727336,88
0.85,0,75,600,480,0.679104477612,0.690376569038,0.7109375,0.657370517928,0.69465648855,0.673469387755,256,251,0.684740523325,0.684154008964,0.684062938152,93
0.85,1,75,600,480,0.785,0.707936507937,0.630522088353,0.838345864662,0.699331848552,0.767641996558,249,266,0.746468253968,0.734433976508,0.733486922555,85
0.85,2,75,600,480,0.676375404531,0.774193548387,0.856557377049,0.545454545455,0.755877034358,0.64,244,220,0.725284476459,0.701005961252,0.697938517179,136
0.85,3,75,600,480,0.767195767196,0.711538461538,0.617021276596,0.834586466165,0.683962264151,0.768166089965,235,266,0.739367114367,0.725803871381,0.726064177058,99
0.85,4,75,600,480,0.671532846715,0.740384615385,0.773109243697,0.631147540984,0.71875,0.681415929204,238,244,0.70595873105,0.702128392341,0.700082964602,118
0.75,0,75,900,480,0.690355329949,0.679633867277,0.660194174757,0.708830548926,0.674937965261,0.693925233645,412,419,0.684994598613,0.684512361842,0.684431599453,69
0.75,1,75,900,480,0.744479495268,0.664165103189,0.568674698795,0.813793103448,0.644808743169,0.731404958678,415,435,0.704322299229,0.691233901122,0.688106850924,50
0.75,2,75,900,480,0.715909090909,0.689427312775,0.641221374046,0.757869249395,0.676510067114,0.722029988466,393,413,0.702668201842,0.69954531172,0.69927002779,94
0.75,3,75,900,480,0.633891213389,0.666666666667,0.711267605634,0.58432304038,0.670353982301,0.622784810127,426,421,0.650278940028,0.647795323007,0.646569396214,53
0.75,4,75,900,480,0.670378619154,0.689743589744,0.71327014218,0.645083932854,0.691159586682,0.666666666667,422,417,0.680061104449,0.679177037517,0.678913126674,61
0.8,0,75,900,480,0.691176470588,0.65671641791,0.593434343434,0.745762711864,0.638586956522,0.698412698413,396,413,0.673946444249,0.669598527649,0.668499827467,91
0.8,1,75,900,480,0.669047619048,0.717741935484,0.727979274611,0.65763546798,0.697270471464,0.686375321337,386,406,0.693394777266,0.692807371296,0.6918228964,108
0.8,2,75,900,480,0.731213872832,0.703872437358,0.660574412533,0.768656716418,0.694101508916,0.734839476813,383,402,0.717543155095,0.714615564475,0.714470492865,115
0.8,3,75,900,480,0.728947368421,0.686956521739,0.657957244656,0.754176610979,0.69163545568,0.718998862344,421,419,0.70795194508,0.706066927817,0.705317159012,60
0.8,4,75,900,480,0.738271604938,0.721040189125,0.717026378897,0.742092457421,0.727493917275,0.731414868106,417,411,0.729655897032,0.729559418159,0.72945439269,72
0.85,0,75,900,480,0.0,0.666666666667,0.0,1.0,0.0,0.8,2,4,0.333333333333,0.5,0.4,894
0.85,1,75,900,480,0.707142857143,0.725067385445,0.744360902256,0.686224489796,0.725274725275,0.705111402359,399,392,0.716105121294,0.715292696026,0.715193063817,109
0.85,2,75,900,480,0.750750750751,0.68115942029,0.65445026178,0.772602739726,0.699300699301,0.724005134788,382,365,0.71595508552,0.713526500753,0.711652917044,153
0.85,3,75,900,480,0.707196029777,0.72131147541,0.736434108527,0.69109947644,0.721518987342,0.705882352941,387,382,0.714253752593,0.713766792483,0.713700670141,131
0.85,4,75,900,480,0.619047619048,0.631188118812,0.597297297297,0.652173913043,0.607977991747,0.641509433962,370,391,0.62511786893,0.62473560517,0.624743712855,139
0.75,0,150,100,480,0.8,0.857142857143,0.869565217391,0.782608695652,0.833333333333,0.818181818182,23,23,0.828571428571,0.826086956522,0.825757575758,54
0.75,1,150,100,480,0.769230769231,0.674418604651,0.588235294118,0.828571428571,0.666666666667,0.74358974359,34,35,0.721824686941,0.708403361345,0.705128205128,31
0.75,2,150,100,480,0.72,0.774193548387,0.837209302326,0.631578947368,0.774193548387,0.695652173913,43,38,0.747096774194,0.734394124847,0.73492286115,19
0.75,3,150,100,480,0.677419354839,0.72972972973,0.677419354839,0.72972972973,0.677419354839,0.72972972973,31,37,0.703574542284,0.703574542284,0.703574542284,32
0.75,4,150,100,480,0.774193548387,0.8,0.857142857143,0.695652173913,0.813559322034,0.744186046512,28,23,0.787096774194,0.776397515528,0.778872684273,49
0.8,0,150,100,480,1.0,0.833333333333,0.857142857143,1.0,0.923076923077,0.909090909091,7,5,0.916666666667,0.928571428571,0.916083916084,88
0.8,1,150,100,480,0.791666666667,0.722222222222,0.791666666667,0.722222222222,0.791666666667,0.722222222222,24,18,0.756944444444,0.756944444444,0.756944444444,58
0.8,2,150,100,480,0.666666666667,0.71875,0.689655172414,0.69696969697,0.677966101695,0.707692307692,29,33,0.692708333333,0.693312434692,0.692829204694,38
0.8,3,150,100,480,0.8125,0.888888888889,0.928571428571,0.727272727273,0.866666666667,0.8,14,11,0.850694444444,0.827922077922,0.833333333333,75
0.8,4,150,100,480,0.833333333333,0.772727272727,0.5,0.944444444444,0.625,0.85,10,18,0.80303030303,0.722222222222,0.7375,72
0.85,0,150,100,480,0.714285714286,1.0,1.0,0.818181818182,0.833333333333,0.9,5,11,0.857142857143,0.909090909091,0.866666666667,84
0.85,1,150,100,480,0.769230769231,0.769230769231,0.769230769231,0.769230769231,0.769230769231,0.769230769231,13,13,0.769230769231,0.769230769231,0.769230769231,74
0.85,2,150,100,480,0.909090909091,0.9,0.909090909091,0.9,0.909090909091,0.9,11,10,0.904545454545,0.904545454545,0.904545454545,79
0.85,3,150,100,480,0.875,0.833333333333,0.823529411765,0.882352941176,0.848484848485,0.857142857143,17,17,0.854166666667,0.852941176471,0.852813852814,66
0.85,4,150,100,480,0.833333333333,0.846153846154,0.714285714286,0.916666666667,0.769230769231,0.88,14,24,0.839743589744,0.815476190476,0.824615384615,62
0.75,0,150,300,480,0.793388429752,0.784,0.780487804878,0.79674796748,0.786885245902,0.790322580645,123,123,0.788694214876,0.788617886179,0.788603913273,54
0.75,1,150,300,480,0.766917293233,0.723076923077,0.739130434783,0.752,0.752767527675,0.737254901961,138,125,0.744997108155,0.745565217391,0.745011214818,37
0.75,2,150,300,480,0.747474747475,0.709219858156,0.64347826087,0.8,0.691588785047,0.751879699248,115,125,0.728347302815,0.721739130435,0.721734242147,60
0.75,3,150,300,480,0.747747747748,0.781818181818,0.775700934579,0.754385964912,0.761467889908,0.767857142857,107,114,0.764782964783,0.765043449746,0.764662516383,79
0.75,4,150,300,480,0.738738738739,0.756097560976,0.732142857143,0.762295081967,0.735426008969,0.759183673469,112,122,0.747418149857,0.747218969555,0.747304841219,66
0.8,0,150,300,480,0.794117647059,0.783018867925,0.778846153846,0.798076923077,0.78640776699,0.790476190476,104,104,0.788568257492,0.788461538462,0.788441978733,92
0.8,1,150,300,480,0.772151898734,0.745098039216,0.701149425287,0.808510638298,0.734939759036,0.775510204082,87,94,0.758624968975,0.754830031793,0.755224981559,119
0.8,2,150,300,480,0.794117647059,0.794392523364,0.78640776699,0.801886792453,0.790243902439,0.798122065728,103,106,0.794255085212,0.794147279722,0.794182984083,91
0.8,3,150,300,480,0.728155339806,0.776785714286,0.75,0.75652173913,0.738916256158,0.766519823789,100,115,0.752470527046,0.753260869565,0.752718039973,85
0.8,4,150,300,480,0.752577319588,0.754716981132,0.737373737374,0.769230769231,0.744897959184,0.761904761905,99,104,0.75364715036,0.753302253302,0.753401360544,97
0.85,0,150,300,480,0.795918367347,0.763636363636,0.75,0.807692307692,0.772277227723,0.785046728972,52,52,0.779777365492,0.778846153846,0.778661978347,196
0.85,1,150,300,480,0.784482758621,0.795918367347,0.81981981982,0.757281553398,0.801762114537,0.776119402985,111,103,0.790200562984,0.788550686609,0.788940758761,86
0.85,2,150,300,480,0.767857142857,0.769230769231,0.803738317757,0.729166666667,0.785388127854,0.748663101604,107,96,0.768543956044,0.766452492212,0.767025614729,97
0.85,3,150,300,480,0.727272727273,0.738461538462,0.808988764045,0.64,0.765957446809,0.685714285714,89,75,0.732867132867,0.724494382022,0.725835866261,136
0.85,4,150,300,480,0.8125,0.849315068493,0.855263157895,0.805194805195,0.833333333333,0.826666666667,76,77,0.830907534247,0.830228981545,0.83,147
0.75,0,150,600,480,0.675862068966,0.712962962963,0.759689922481,0.620967741935,0.715328467153,0.663793103448,258,248,0.694412515964,0.690328832208,0.689560785301,94
0.75,1,150,600,480,0.722408026756,0.784403669725,0.821292775665,0.673228346457,0.768683274021,0.724576271186,263,254,0.75340584824,0.747260561061,0.746629772604,83
0.75,2,150,600,480,0.67987804878,0.781609195402,0.854406130268,0.564315352697,0.757215619694,0.655421686747,261,241,0.730743622091,0.709360741483,0.706318653221,98
0.75,3,150,600,480,0.734545454545,0.779661016949,0.795275590551,0.715953307393,0.76370510397,0.74645030426,254,257,0.757103235747,0.755614448972,0.755077704115,89
0.75,4,150,600,480,0.687732342007,0.708502024291,0.719844357977,0.675675675676,0.703422053232,0.691699604743,257,259,0.698117183149,0.697760016826,0.697560828988,84
0.8,0,150,600,480,0.77130044843,0.749077490775,0.716666666667,0.799212598425,0.742980561555,0.773333333333,240,254,0.760188969603,0.757939632546,0.758156947444,106
0.8,1,150,600,480,0.743243243243,0.721568627451,0.699152542373,0.763485477178,0.720524017467,0.741935483871,236,241,0.732405935347,0.731319009776,0.731229750669,123
0.8,2,150,600,480,0.728937728938,0.749003984064,0.759541984733,0.717557251908,0.743925233645,0.732943469786,262,262,0.738970856501,0.738549618321,0.738434351715,76
0.8,3,150,600,480,0.684027777778,0.721238938053,0.757692307692,0.641732283465,0.71897810219,0.679166666667,260,254,0.702633357915,0.699712295578,0.699072384428,86
0.8,4,150,600,480,0.752895752896,0.816239316239,0.819327731092,0.749019607843,0.784708249497,0.78118609407,238,255,0.784567534568,0.784173669468,0.782947171783,107
0.85,0,150,600,480,0.692946058091,0.760273972603,0.826732673267,0.6,0.7539503386,0.670694864048,202,185,0.726610015347,0.713366336634,0.712322601324,213
0.85,1,150,600,480,0.715025906736,0.761194029851,0.741935483871,0.735576923077,0.728232189974,0.748166259169,186,208,0.738109968293,0.738756203474,0.738199224571,206
0.85,2,150,600,480,0.742081447964,0.769953051643,0.769953051643,0.742081447964,0.755760368664,0.755760368664,213,221,0.756017249803,0.756017249803,0.755760368664,166
0.85,3,150,600,480,0.8,0.821428571429,0.824120603015,0.79702970297,0.811881188119,0.809045226131,199,202,0.810714285714,0.810575152993,0.810463207125,199
0.85,4,150,600,480,0.720379146919,0.794520547945,0.835164835165,0.662857142857,0.773536895674,0.722741433022,182,175,0.757449847432,0.749010989011,0.748139164348,243
0.75,0,150,900,480,0.765625,0.699373695198,0.629820051414,0.817073170732,0.691114245416,0.753655793026,389,410,0.732499347599,0.723446611073,0.722385019221,101
0.75,1,150,900,480,0.663113006397,0.733552631579,0.793367346939,0.58530183727,0.722415795587,0.651094890511,392,381,0.698332818988,0.689334592105,0.686755343049,127
0.75,2,150,900,480,0.728606356968,0.709046454768,0.714628297362,0.72319201995,0.721549636804,0.716049382716,417,401,0.718826405868,0.718910158656,0.71879950976,82
0.75,3,150,900,480,0.701492537313,0.662004662005,0.660421545667,0.70297029703,0.680337756333,0.6818727491,427,404,0.681748599659,0.681695921349,0.681105252716,69
0.75,4,150,900,480,0.747016706444,0.775067750678,0.790404040404,0.729591836735,0.768098159509,0.751642575558,396,392,0.761042228561,0.759997938569,0.759870367534,112
0.8,0,150,900,480,0.7583081571,0.705627705628,0.64857881137,0.802955665025,0.699164345404,0.751152073733,387,406,0.731967931364,0.725767238197,0.725158209568,107
0.8,1,150,900,480,0.735516372796,0.73474801061,0.744897959184,0.725130890052,0.740177439797,0.729907773386,392,382,0.735132191703,0.735014424618,0.735042606592,126
0.8,2,150,900,480,0.713815789474,0.677595628415,0.64776119403,0.740298507463,0.679186228482,0.707560627675,335,335,0.695705708944,0.694029850746,0.693373428078,230
0.8,3,150,900,480,0.818481848185,0.736961451247,0.681318681319,0.855263157895,0.743628185907,0.791717417783,364,380,0.777721649716,0.768290919607,0.767672801845,156
0.8,4,150,900,480,0.725,0.696078431373,0.651685393258,0.763440860215,0.686390532544,0.728205128205,356,372,0.710539215686,0.707563126737,0.707297830375,172
0.85,0,150,900,480,0.692682926829,0.785211267606,0.823188405797,0.638968481375,0.752317880795,0.70458135861,345,349,0.738947097217,0.731078443586,0.728449619702,206
0.85,1,150,900,480,0.722063037249,0.724675324675,0.703910614525,0.742021276596,0.712871287129,0.733245729304,358,376,0.723369180962,0.72296594556,0.723058508216,166
0.85,2,150,900,480,0.727735368957,0.789137380192,0.8125,0.697740112994,0.767785234899,0.740629685157,352,354,0.758436374574,0.755120056497,0.754207460028,194
0.85,3,150,900,480,0.727793696275,0.800724637681,0.822006472492,0.699367088608,0.772036474164,0.746621621622,309,316,0.764259166978,0.76068678055,0.759329047893,275
0.85,4,150,900,480,0.817567567568,0.794029850746,0.778135048232,0.83125,0.797364085667,0.812213740458,311,320,0.805798709157,0.804692524116,0.804788913063,269
